temperature
31.25
31.25
31.25
31.25
31.25
31.25
31.25
31.25
31.25
31.25
31.25
31.25
31.25
31.25
31.25
31.25
31.25
31.25
31.25
31.25
31.25
31.25
31.5
31.75
31.75
31.5
31.5
31.5
31.75
31.75
31.5
31.5
31.5
31.75
31.75
31.75
31.75
31.75
31.75
31.75
31.75
31.75
31.75
31.75
31.75
31.75
34.75
37.75
42.0
47.5
53.75
59.25
66.0
72.5
79.25
85.25
92.0
98.0
104.0
109.25
114.75
120.25
125.5
130.25
134.0
138.0
142.25
146.5
149.5
153.0
156.25
159.5
162.0
165.0
167.75
171.0
174.5
177.25
180.5
183.5
186.5
188.75
191.25
193.75
196.5
199.0
201.75
205.5
208.5
211.75
214.5
218.0
221.75
225.75
228.75
232.5
236.0
239.75
243.25
246.25
249.75
253.25
256.75
260.0
263.75
267.75
272.0
275.75
279.75
283.5
287.25
290.5
292.75
295.25
297.25
299.0
300.25
301.75
303.0
304.0
304.25
305.0
305.75
305.75
305.75
305.75
305.5
305.25
304.5
303.5
301.75
300.0
298.0
296.25
294.25
292.25
290.25
288.25
286.25
284.25
282.5
280.5
279.0
277.0
275.25
273.25
271.5
270.0
268.25
266.5
264.75
263.25
261.5
260.0
258.25
257.0
255.25
253.75
252.25
250.5
249.25
247.75
246.25
244.75
243.5
242.0
240.75
239.25
238.25
237.0
235.5
234.25
232.75
231.75
230.5
229.25
227.75
226.75
225.5
224.25
223.0
222.0
220.75
219.5
218.25
217.25
216.0
215.0
213.75
212.75
211.75
210.5
209.5
208.25
207.5
