temperature
35.0
35.0
35.0
35.0
35.0
35.0
35.0
35.0
34.75
34.75
35.0
34.75
34.75
34.75
34.75
34.75
34.75
34.75
34.75
34.75
34.75
34.75
34.75
34.75
34.75
34.75
34.75
34.75
34.75
34.75
34.5
34.75
34.75
34.75
34.5
34.5
34.5
34.5
34.5
34.75
34.5
34.5
34.5
34.75
34.5
34.75
34.5
34.5
34.5
34.5
34.5
34.5
34.75
34.5
34.5
34.5
34.5
34.5
34.5
34.5
34.5
34.5
34.5
34.5
34.5
34.5
34.5
34.5
34.5
34.5
34.5
34.5
34.5
34.5
34.5
34.5
34.5
34.5
34.5
34.5
34.5
34.5
34.5
34.5
34.5
34.5
34.5
34.5
34.5
34.5
34.5
34.5
34.5
34.5
34.5
34.5
34.5
34.25
34.5
34.5
34.25
34.5
34.25
34.5
34.25
34.25
34.5
34.25
34.25
34.25
34.5
34.25
34.5
34.25
34.25
34.5
34.5
34.5
34.5
34.25
34.5
34.25
34.25
34.25
34.25
34.25
34.25
34.5
34.25
34.25
34.25
34.25
34.5
34.25
34.25
34.25
34.25
34.25
34.25
34.5
34.5
34.5
34.5
34.5
34.5
34.5
34.5
34.25
34.25
34.25
34.25
34.0
34.0
34.0
33.75
33.75
33.75
33.75
33.75
33.75
33.5
33.5
33.5
33.5
33.5
33.25
33.25
33.25
33.25
33.25
33.0
33.0
33.0
33.0
33.0
33.0
33.0
33.0
33.0
33.0
37.0
41.0
45.5
51.25
56.25
62.25
68.0
73.75
78.75
83.75
88.5
92.75
97.25
101.0
105.5
109.25
113.0
115.75
118.5
121.5
125.25
128.75
132.75
136.25
140.0
144.25
148.25
152.0
155.75
160.0
163.75
167.75
171.5
176.0
179.5
183.0
186.25
189.25
191.25
192.75
193.5
194.5
195.25
195.25
195.25
195.25
195.0
194.75
194.25
194.0
193.5
193.0
192.75
192.5
192.0
191.5
191.0
190.5
190.0
189.5
189.0
188.25
187.5
187.0
186.25
185.5
184.5
183.5
182.5
181.5
180.5
179.5
178.5
177.5
176.25
175.25
174.0
173.25
172.25
171.0
170.0
169.0
168.0
166.75
165.75
164.75
164.0
162.75
161.75
160.75
160.0
159.0
158.0
157.0
156.0
155.0
154.25
153.25
152.25
151.5
150.5
149.5
148.75
148.0
147.0
146.0
145.25
144.5
143.75
142.75
142.0
141.25
140.75
139.75
139.0
138.25
137.5
136.75
136.0
135.25
134.75
134.0
133.25
132.5
132.0
131.5
130.5
129.75
129.0
128.25
127.75
127.0
126.25
125.5
125.0
124.25
123.5
123.0
122.25
121.75
121.0
120.25
119.75
119.25
118.5
118.0
117.5
116.75
116.25
115.75
115.25
114.75
114.25
113.75
113.25
112.75
112.25
111.75
111.0
110.5
110.25
109.5
109.25
108.75
108.25
107.75
107.25
106.75
106.25
105.75
105.25
104.75
104.5
104.0
103.75
103.0
102.75
102.25
101.75
101.25
101.0
100.75
100.25
99.75
99.25
99.0
98.5
98.0
97.75
97.25
97.0
96.5
96.0
95.5
95.25
95.0
94.5
94.25
93.75
93.5
93.0
92.75
92.25
92.0
91.5
91.25
91.0
90.5
90.25
89.75
89.5
89.0
88.75
88.5
88.0
87.75
87.5
87.25
86.75
86.5
86.25
86.0
85.75
85.5
85.25
84.75
84.5
84.25
84.0
83.75
83.5
83.25
83.0
82.75
82.5
82.25
81.75
81.5
81.25
81.0
80.75
80.5
80.25
79.75
79.75
79.5
79.25
79.0
78.75
78.5
78.25
77.75
77.75
77.5
77.25
77.0
76.75
76.5
76.25
76.25
75.75
75.75
75.5
75.25
75.0
74.75
74.5
74.25
74.0
73.75
73.75
73.5
73.25
73.0
72.75
72.5
72.25
72.0
71.75
71.75
71.5
71.25
71.0
70.75
70.5
70.25
70.0
70.0
69.75
69.5
69.25
69.25
69.0
68.75
68.5
68.25
68.25
68.0
67.75
67.5
67.5
67.25
67.0
66.75
66.75
66.5
66.25
66.0
66.0
65.75
65.5
65.25
65.25
65.0
65.0
64.75
64.5
64.5
64.25
64.0
64.0
63.75
63.5
63.5
63.25
63.0
63.0
62.75
62.75
62.5
62.5
62.25
62.25
62.0
62.0
61.75
61.75
61.5
61.5
61.25
61.25
61.0
60.75
60.75
60.75
60.5
60.25
60.25
60.0
60.0
60.0
59.75
59.75
59.5
59.25
59.25
59.0
59.0
59.0
58.75
58.75
58.5
58.5
58.5
58.5
58.25
58.25
58.0
58.0
58.0
57.75
57.75
57.5
57.5
57.5
57.5
57.25
57.25
57.0
57.0
56.75
56.75
56.75
56.5
56.5
56.5
56.25
56.0
56.0
56.0
56.0
55.75
55.75
55.75
55.5
55.5
55.25
55.25
55.25
55.0
55.0
54.75
54.75
54.5
54.5
54.5
54.25
54.25
54.25
54.0
54.0
54.0
53.75
53.75
53.75
53.5
53.5
53.5
53.25
53.25
53.25
53.0
53.0
53.0
52.75
52.75
52.75
52.5
52.5
52.5
52.25
52.25
52.0
52.0
52.0
52.0
51.75
51.75
51.75
51.5
51.5
51.5
51.25
51.25
51.25
51.0
51.0
51.0
50.75
50.75
50.75
50.75
50.5
50.5
50.5
50.5
50.25
50.25
50.25
50.25
50.25
50.25
50.25
50.0
50.0
49.75
49.75
49.75
49.75
49.5
49.5
49.5
49.5
49.25
49.25
49.25
49.25
49.25
49.0
49.0
49.0
48.75
48.75
48.5
48.5
48.5
48.5
48.5
48.25
48.25
48.25
48.0
48.0
48.0
48.0
48.0
47.75
47.75
47.75
47.75
47.5
47.5
47.5
47.5
47.25
47.25
47.25
47.25
47.25
47.0
47.0
47.0
46.75
46.75
46.75
46.75
46.75
46.5
46.5
46.5
46.5
46.5
46.25
46.25
46.25
46.25
46.25
46.25
46.25
46.0
46.0
46.0
46.0
46.0
46.0
46.0
45.75
45.75
45.75
45.5
45.5
45.5
45.5
45.5
45.5
45.25
45.25
45.25
45.0
45.0
45.0
45.0
45.0
45.0
45.0
45.0
45.0
44.75
44.75
44.75
44.75
44.75
44.5
44.5
44.75
44.75
