temperature
20.5
20.5
20.5
20.5
20.5
20.5
20.5
20.5
20.5
20.5
20.5
20.75
20.75
21.0
21.25
21.5
21.75
22.0
22.25
22.5
22.75
23.0
23.5
23.75
24.25
24.75
25.25
25.75
26.0
26.5
26.75
27.25
27.5
27.75
28.0
28.25
28.5
28.75
29.0
29.25
29.5
29.5
30.0
30.0
30.25
30.5
30.75
30.75
31.0
31.25
31.5
31.5
31.75
31.75
31.75
32.0
32.0
32.25
32.25
32.5
33.75
33.75
33.75
33.75
33.75
33.5
33.25
33.25
33.0
32.75
32.5
32.5
32.25
32.25
32.0
32.0
32.0
32.0
32.0
31.75
31.75
31.75
31.75
31.75
31.75
31.75
31.5
31.0
31.0
30.75
30.5
30.25
30.25
30.0
30.0
29.5
29.5
29.5
29.5
29.25
29.25
29.0
29.0
29.0
28.75
28.75
28.5
28.5
28.5
28.5
28.25
28.25
28.25
28.0
28.0
27.75
27.75
27.5
27.5
27.5
27.5
27.5
27.25
27.25
27.25
27.25
27.25
27.25
26.5
26.25
26.5
26.25
26.5
26.5
26.5
26.5
26.5
26.75
26.75
26.75
26.75
26.75
27.0
27.0
29.5
42.0
54.5
65.0
74.5
82.5
90.0
96.5
104.75
115.75
128.25
135.25
138.5
140.0
141.0
141.25
141.0
140.5
139.75
137.0
135.5
134.25
132.75
131.5
130.0
128.5
127.25
125.75
124.25
123.0
121.5
120.0
118.5
117.0
115.75
114.0
112.75
111.25
109.75
108.25
107.0
105.5
104.25
103.0
101.5
100.0
98.5
97.25
96.0
95.0
93.5
92.25
91.25
90.25
89.25
88.25
87.0
86.0
85.0
84.0
83.0
82.0
80.75
79.75
79.0
77.5
75.25
72.75
70.5
68.5
67.0
65.5
64.5
63.5
62.75
64.75
72.75
82.75
95.25
109.5
123.25
137.5
150.5
160.25
166.25
170.25
172.0
172.25
171.0
169.5
167.25
165.25
163.0
160.75
158.5
156.0
154.0
151.75
149.5
147.5
145.25
143.0
141.0
138.75
136.75
134.75
132.75
130.75
129.0
127.25
125.5
123.5
121.5
119.75
118.25
116.5
115.0
113.25
113.25
124.75
132.0
132.25
130.5
128.25
125.75
123.25
121.0
118.75
116.75
114.75
112.75
111.0
109.25
107.5
105.5
104.0
102.25
100.5
